-0.0112658 0.000286795 -0.00106364 -0.000975569 0.000946577 0.00209972
0.619051 -0.00544646 0.0350381 -0.000850217 -0.00200902 -0.0147915
0.942409 0.00970948 0.0528827 -0.00415801 -0.0015432 0.0118209
1.23361 0.0200645 0.0686463 -0.00259056 0.000449329 0.00778334
1.65427 0.033021 0.0869318 -0.0022632 0.00714937 -0.012966
2.10322 0.034651 0.105867 0.000986363 0.0120352 -0.0297837
2.55389 0.0323657 0.122869 0.00303086 0.00859154 -0.0450157
2.99945 0.0247952 0.143037 0.00232621 0.00859277 -0.0627344
3.51488 -0.0288307 0.175432 0.00580169 0.00530955 -0.131572
4.48006 -0.437858 0.238545 0.0293187 0.0242216 -0.584623
4.84808 -0.873858 0.253494 0.0493838 0.0378095 -0.950913
5.01439 -1.27658 0.255448 0.0526537 0.0529828 -1.23627
5.08614 -1.73824 0.261091 0.0575582 0.0617712 -1.48304
5.08214 -2.19502 0.267237 0.0561588 0.0701484 -1.60444
5.0653 -2.5685 0.266572 0.0535556 0.0710327 -1.66969
5.05001 -2.91589 0.269564 0.0540234 0.0735882 -1.66798
5.04176 -3.11162 0.270514 0.0543211 0.0755614 -1.66341
5.03377 -3.22345 0.268996 0.0552303 0.0761602 -1.65841
5.00311 -3.19288 0.277766 0.053568 0.0763966 -1.66427
5.00467 -3.18889 0.278142 0.0535873 0.0765152 -1.665
