-0.0112658 0.000286795 -0.00106364 -0.000975569 0.000946577 0.00209972
0.619051 -0.00544646 0.0350381 -0.000850219 -0.00200897 -0.0147912
0.942409 0.00970957 0.0528827 -0.00415799 -0.00154315 0.0118211
1.25846 0.0203377 0.0695637 -0.00248267 0.000102836 0.00685736
1.65427 0.0330212 0.0869318 -0.00226319 0.00714938 -0.0129658
2.10322 0.0346513 0.105867 0.000986358 0.0120352 -0.0297834
2.57117 0.0327569 0.1233 0.00285944 0.00847061 -0.0460589
3.48102 -0.0232978 0.1736 0.00548147 0.00594614 -0.122394
4.02292 -0.175271 0.206122 0.0161656 0.0112663 -0.315138
4.50605 -0.458452 0.240505 0.0291785 0.0263198 -0.605093
4.8248 -0.830919 0.251973 0.0485121 0.0357292 -0.918798
5.01439 -1.27657 0.255448 0.0526535 0.0529825 -1.23627
5.08353 -1.72484 0.261649 0.0584588 0.0671176 -1.47603
5.0836 -2.20544 0.266635 0.0548637 0.0687691 -1.60858
5.06566 -2.55644 0.266568 0.0534943 0.0699091 -1.66856
5.04897 -2.92525 0.269574 0.0542956 0.0728392 -1.66786
5.04165 -3.11691 0.270437 0.0544372 0.075517 -1.66331
5.00419 -3.18923 0.27784 0.0537357 0.0764188 -1.66488
5.00469 -3.18888 0.278143 0.0535873 0.0765147 -1.66499
