-0.0112658 0.000286795 -0.00106364 -0.000975569 0.000946577 0.00209972
0.619051 -0.00544646 0.0350381 -0.00086189 -0.00173379 -0.0132186
0.94239 0.0102182 0.0527936 -0.00407012 -0.00128079 0.0126502
1.23359 0.0208134 0.0684813 -0.00253159 0.000676661 0.00868454
1.65424 0.034148 0.0866717 -0.00221771 0.00719603 -0.0115014
2.10318 0.0364344 0.105586 0.000948922 0.0119591 -0.0278936
2.55386 0.0350018 0.122622 0.00294445 0.00859926 -0.0427521
2.99944 0.028442 0.142786 0.00225187 0.00859897 -0.0601642
3.51501 -0.0238563 0.175179 0.00563849 0.00539446 -0.127246
4.02367 -0.168095 0.205838 0.015741 0.0111777 -0.306406
4.50926 -0.447029 0.240319 0.0284465 0.0257126 -0.588583
5.02873 -1.2423 0.25619 0.0500011 0.048658 -1.15723
5.13224 -1.69876 0.263884 0.0568374 0.0631944 -1.39962
5.16905 -2.17793 0.270821 0.0538635 0.0646244 -1.52835
5.17855 -2.51701 0.272166 0.052894 0.0670997 -1.58575
5.19293 -2.88874 0.276721 0.0532749 0.0692768 -1.58673
5.201 -3.10609 0.278324 0.053799 0.071164 -1.58161
5.20171 -3.19661 0.277473 0.0544125 0.0717931 -1.57739
5.1683 -3.16888 0.285997 0.0527121 0.0718427 -1.58275
5.16945 -3.16486 0.286206 0.0529799 0.0720419 -1.58372
5.16991 -3.16447 0.286507 0.0528329 0.0721372 -1.58384
