-0.0112658 0.000286795 -0.00106364 -0.000975569 0.000946577 0.00209972
0.619051 -0.00544646 0.0350381 -0.000850217 -0.00200902 -0.0147915
0.942409 0.00970948 0.0528827 -0.00415801 -0.0015432 0.0118209
1.25846 0.0203376 0.0695638 -0.00248268 0.000102793 0.0068572
1.65427 0.033021 0.0869318 -0.0022632 0.00714937 -0.0129661
2.10322 0.034651 0.105867 0.000986363 0.0120352 -0.0297837
2.57117 0.0327565 0.1233 0.00285945 0.00847061 -0.0460593
3.48102 -0.0232986 0.1736 0.00548152 0.0059461 -0.122395
4.02292 -0.175273 0.206122 0.0161657 0.0112663 -0.31514
4.50605 -0.458455 0.240505 0.0291787 0.0263199 -0.605097
4.8248 -0.830923 0.251973 0.0485123 0.0357294 -0.918803
5.01439 -1.27658 0.255448 0.0526537 0.0529828 -1.23627
5.08353 -1.72484 0.261648 0.0584589 0.067118 -1.47604
5.08359 -2.20545 0.266634 0.0548638 0.0687695 -1.60858
5.06565 -2.55645 0.266568 0.0534943 0.0699096 -1.66857
5.04896 -2.92525 0.269573 0.0542956 0.0728397 -1.66786
5.0404 -3.13318 0.27024 0.0545839 0.0755202 -1.66272
5.00417 -3.18924 0.277839 0.0537356 0.0764193 -1.66489
5.00467 -3.18889 0.278142 0.0535873 0.0765152 -1.665
