-0.0112658 0.000286795 -0.00106364 -0.000975569 0.000946577 0.00209972
0.619051 -0.00544646 0.0350381 -0.000850217 -0.00200902 -0.0147915
0.942409 0.00970948 0.0528827 -0.00415801 -0.0015432 0.0118209
1.25846 0.0203376 0.0695638 -0.00248268 0.000102793 0.0068572
1.65427 0.033021 0.0869318 -0.0022632 0.00714937 -0.0129661
2.10322 0.034651 0.105867 0.000986363 0.0120352 -0.0297837
2.5062 0.0357881 0.121457 0.00258382 0.00982445 -0.0430421
2.98343 0.0261594 0.141551 0.00217949 0.00663328 -0.0617412
3.53082 -0.0315349 0.176481 0.00627477 0.0057528 -0.136664
4.02292 -0.175273 0.206122 0.0161657 0.0112663 -0.31514
4.50605 -0.458455 0.240505 0.0291787 0.0263199 -0.605097
4.8248 -0.830923 0.251973 0.0485123 0.0357294 -0.918803
5.01439 -1.27658 0.255448 0.0526537 0.0529828 -1.23627
5.08353 -1.72484 0.261648 0.0584589 0.067118 -1.47604
5.08359 -2.20545 0.266634 0.0548638 0.0687695 -1.60858
5.06586 -2.5442 0.266569 0.053634 0.0713377 -1.66697
5.05001 -2.91589 0.269564 0.0540234 0.0735882 -1.66798
5.04083 -3.12857 0.270282 0.0545062 0.0755344 -1.66289
5.03377 -3.22345 0.268996 0.0552303 0.0761602 -1.65841
5.00271 -3.19314 0.277612 0.053467 0.0762154 -1.66389
5.00417 -3.18924 0.277839 0.0537356 0.0764193 -1.66489
5.00467 -3.18889 0.278142 0.0535873 0.0765152 -1.665
