-0.0112658 0.000286795 -0.00106364 -0.000975569 0.000946577 0.00209972
0.619051 -0.00544646 0.0350381 -0.000851491 -0.00197898 -0.0146198
0.942407 0.00976501 0.052873 -0.00414746 -0.00151469 0.011904
1.23361 0.020144 0.0686284 -0.00258305 0.000474176 0.0078739
1.64013 0.03296 0.085931 -0.00233833 0.00621527 -0.0121138
2.10321 0.0348337 0.105834 0.000983164 0.0120286 -0.0295903
2.6065 0.0332472 0.12431 0.00244929 0.00818764 -0.0463531
3.48104 -0.0228035 0.173567 0.00545145 0.00596705 -0.121597
4.05525 -0.189069 0.205776 0.0170737 0.012309 -0.329268
5.00975 -1.24494 0.25566 0.0514139 0.051303 -1.19769
5.09476 -1.72087 0.262157 0.0579218 0.0660189 -1.45534
5.10312 -2.19097 0.268284 0.0557731 0.0689813 -1.58337
5.09308 -2.58851 0.268101 0.0532115 0.0697563 -1.6501
5.08541 -2.92173 0.271477 0.053989 0.0716433 -1.64663
5.08218 -3.10821 0.272638 0.0540091 0.0743613 -1.64218
5.04427 -3.19014 0.279532 0.0533799 0.0750108 -1.64223
5.04625 -3.1866 0.280069 0.0534307 0.0752125 -1.64366
5.04674 -3.18624 0.280371 0.0532826 0.0753083 -1.64377
