-0.0112658 0.000286795 -0.00106364 -0.000975569 0.000946577 0.00209972
0.619045 -0.00544641 0.0350377 -0.000850217 -0.00200902 -0.0147915
0.942401 0.00970949 0.0528823 -0.00415801 -0.0015432 0.0118209
1.2336 0.0200645 0.0686459 -0.00259056 0.000449329 0.00778334
1.65426 0.033021 0.0869313 -0.0022632 0.00714937 -0.012966
2.10321 0.0346509 0.105866 0.000986363 0.0120352 -0.0297837
2.55387 0.0323656 0.122868 0.00303086 0.00859154 -0.0450157
2.99944 0.0247952 0.143036 0.00232621 0.00859277 -0.0627344
3.51487 -0.0288306 0.175431 0.00580169 0.00530955 -0.131572
4.48003 -0.437854 0.238544 0.0293187 0.0242216 -0.584623
4.84805 -0.873853 0.253493 0.0493838 0.0378095 -0.950913
5.01436 -1.27657 0.255447 0.0526537 0.0529828 -1.23627
5.08611 -1.73823 0.26109 0.0575582 0.0617712 -1.48304
5.08211 -2.19501 0.267235 0.0561588 0.0701484 -1.60444
5.06562 -2.55644 0.266566 0.0534943 0.0699096 -1.66857
5.04893 -2.92524 0.269572 0.0542956 0.0728397 -1.66786
5.04174 -3.11161 0.270513 0.0543211 0.0755614 -1.66341
5.03359 -3.22468 0.268862 0.0551517 0.0760486 -1.65853
5.00268 -3.19313 0.277611 0.053467 0.0762154 -1.66389
5.00464 -3.18887 0.278141 0.0535873 0.0765152 -1.665
