-0.0176456 5.84367e-05 -0.00131554 -0.00024414 2.51119e-07 0.00205717
-0.0176995 3.76904e-05 -0.0013454 -0.000244397 -0.000243884 0.00210021
-0.0179314 5.65523e-05 -0.00133918 -0.000345267 3.60103e-07 0.00208594
-0.0181045 5.73757e-05 -0.00134719 -0.000345267 3.60103e-07 0.00208594
-0.0181688 6.21902e-05 -0.00134836 -0.000422864 4.38003e-07 0.0020716
-0.0185641 9.67631e-05 -0.00135398 -0.000345267 3.55136e-07 0.00205717
-0.0186534 0.000112375 -0.00135874 -0.000345267 3.55136e-07 0.00205717
-0.018727 6.82654e-05 -0.00141247 -0.000244397 -0.000243884 0.00210021
-0.019054 0.000160546 -0.0013584 -0.000244393 -0.000243888 0.00207163
-0.0197253 0.000168187 -0.0015449 -0.000422864 4.89702e-07 0.00231612
-0.0201468 0.000328006 -0.0016335 -0.000489152 -0.00073184 0.00237977
-0.0199628 0.000293106 -0.00155779 -0.000244478 -0.000243803 0.00276217
-0.0199021 0.000284955 -0.00166888 -0.000244995 -0.000597671 0.00285767
-0.0200381 0.000391361 -0.00156403 -0.000545567 0.000244918 0.00284708
-0.0192685 0.000333945 -0.00173798 -0.000423369 -0.000344647 0.00292976
-0.0191376 0.000377928 -0.00153857 -0.000487935 0.000244833 0.0028366
-0.0190619 0.000388575 -0.00149142 -0.000422387 0.000345851 0.00276206
-0.0187883 0.000436662 -0.00146333 -0.000487956 0.000244791 0.0026632
-0.0186952 0.000418726 -0.00126589 -0.000689963 0.000423795 0.00269648
-0.0186213 0.000394298 -0.0012249 -0.000545915 6.98926e-07 0.00256057
-0.0188841 0.000352825 -0.00129684 -0.000423163 -0.000243622 0.00245364
-0.0185898 0.000306733 -0.00128254 -0.000488576 -0.00024355 0.00241693
-0.019138 0.000312854 -0.00132818 -0.00024414 2.87403e-07 0.00235441
-0.0187799 0.000243194 -0.001358 -3.05383e-07 -0.00024414 0.0025017
-0.018855 0.000485468 -0.00136238 -0.000422864 5.53554e-07 0.00261812
-0.0186645 0.000523366 -0.00134401 -0.000422525 0.000244727 0.00277285
-0.0186203 0.000558967 -0.00133548 -0.000422515 0.000244745 0.00285754
-0.0185927 0.000561685 -0.00135368 -0.00054528 0.000423682 0.00299994
-0.0185919 0.000639592 -0.00136822 -0.000488281 6.84805e-07 0.00280496
-0.018551 0.000662151 -0.00137407 -0.000488281 6.76979e-07 0.00277291
-0.0180774 0.000651867 -0.00135462 -0.000422864 5.79423e-07 0.00274047
-0.0180756 0.000612652 -0.00136097 -0.000345267 4.59768e-07 0.00266326
-0.0182044 0.000597224 -0.00132515 -0.000488281 6.52936e-07 0.00267443
-0.0176618 0.000335019 -0.00136887 -0.000488281 6.63729e-07 0.00271864
-0.0175132 0.000282212 -0.00134437 -0.000487967 0.000244768 0.00257212
-0.0174422 0.000246882 -0.00135165 -0.000422864 5.43841e-07 0.00257218
-0.0169166 0.000205278 -0.0013696 -0.00034494 0.000244602 0.00267439
-0.0165107 0.00020735 -0.0013733 -0.000422402 0.000345832 0.00267435
-0.0159568 0.000206067 -0.00132 -0.000487628 0.000488934 0.00267431
-0.0152773 0.000155443 -0.00134553 -0.000545443 0.000346012 0.00272948
-0.0148496 0.00015931 -0.00132137 -0.000645287 0.000489137 0.00265189
-0.0134956 0.00018482 -0.00130361 -0.000808855 0.000691551 0.0025133
-0.012412 0.000186992 -0.00129105 -0.000844868 0.000691586 0.00248946
-0.0114539 0.000156983 -0.00131895 -0.00100583 0.000647157 0.00242884
-0.0112658 0.000286795 -0.00106364 -0.000975569 0.000946577 0.00209972
-0.00988466 0.000215254 -0.00112728 -0.000975814 0.000733419 0.00204227
-0.00818501 0.000156884 -0.00111532 -0.00103511 0.000846576 0.00163731
-0.00654854 0.000119085 -0.00101747 -0.00097589 0.000946247 0.00142311
-0.00527068 2.81787e-05 -0.00100735 -0.000912935 0.000846328 0.00131435
-0.00424669 -9.90594e-05 -0.000995753 -0.000944963 0.000914101 0.00129144
-0.00295159 -0.000155531 -0.000998256 -0.00091306 0.000810209 0.00106381
-0.00160674 -0.00025464 -0.000967046 -0.000771591 0.000846139 0.00106386
-0.000561223 -0.000290256 -0.000927406 -0.000913163 0.000810093 0.000809353
0.000577382 -0.000380481 -0.000921405 -0.000771744 0.000732734 0.00080944
0.00257839 -0.000414492 -0.000796684 -0.000809439 0.000880523 0.000645579
0.00467774 -0.000467892 -0.000765244 -0.000690292 0.000809929 0.000597741
0.00655621 -0.000390459 -0.000679084 -0.000845588 0.000809869 0.000344925
0.00862272 -0.000385641 -0.000555481 -0.000690366 0.000976682 0.00034493
0.0107089 -9.68164e-05 -0.000358069 -0.000772041 0.00114512 -4.4204e-07
0.0118666 2.57186e-05 -0.000282739 -0.000772215 0.00100648 -0.000345656
0.0151989 0.000234663 1.91446e-05 -0.000846128 0.00103547 -0.000772479
0.0165888 0.000313468 0.000111348 -0.000732945 0.000913071 -0.00114546
0.0185007 0.000384195 0.000176247 -0.00084636 0.000944987 -0.00133761
0.020772 0.000476652 0.000241084 -0.000810505 0.000879542 -0.00177773
0.0237017 0.00050862 0.00047546 -0.000773059 0.000975757 -0.00208632
0.0254441 0.000459384 0.000553596 -0.000772946 0.000808859 -0.0022379
0.0302438 0.000485844 0.00061881 -0.000772959 0.000689505 -0.00266353
0.031771 0.000338612 0.000699963 -0.000646889 0.000689641 -0.00276236
0.0363797 0.000176353 0.000755386 -0.000546815 0.000597198 -0.00301013
0.0398258 0.000120957 0.000830271 -0.000646505 0.0003442 -0.00330279
0.0408217 0.000110452 0.00101898 -0.000599284 0.000689438 -0.00366232
0.0520283 1.67781e-06 0.00118198 -0.000733634 0.000544285 -0.00444866
0.0543058 1.93594e-05 0.0013174 -0.000647542 0.000644325 -0.00497973
0.0600657 2.48134e-06 0.00173072 -0.000490459 0.000808406 -0.00538239
0.0631758 -8.24765e-06 0.00188273 -0.000600467 0.000843992 -0.00579314
0.0672155 -1.33699e-06 0.00218961 -0.000648589 0.000843695 -0.00628187
0.0700693 4.60675e-07 0.00248193 -0.000601424 0.00103383 -0.00657854
0.0759071 -1.37858e-05 0.00262997 -0.000693197 0.00076965 -0.00690994
0.0800971 -6.60888e-05 0.00278881 -0.000490909 0.000730663 -0.00718474
0.0846158 -3.68466e-05 0.00293746 -0.000491051 0.000730568 -0.00757249
0.0889375 -5.6221e-05 0.00314655 -0.000491283 0.000770134 -0.00778596
0.0926205 -7.0879e-05 0.00341884 -0.000549491 0.000878034 -0.00813422
0.097717 4.73197e-05 0.00363949 -0.000649938 0.000910648 -0.00877581
0.102599 6.0759e-05 0.00384019 -0.000491643 0.00073017 -0.00919366
0.107251 0.000250346 0.00399605 -3.65367e-06 0.000732413 -0.00997701
0.111934 0.000322847 0.00452438 -0.000350344 0.000974753 -0.010407
0.117295 0.000359314 0.00479103 -5.15029e-06 0.000945539 -0.0108938
0.122275 0.000332362 0.00503451 -0.000249858 0.00100521 -0.0113678
0.128369 0.000276518 0.00531526 -0.000250116 0.00100515 -0.0118806
0.133905 0.000223737 0.00561651 -0.000351123 0.000943394 -0.0124011
0.139741 0.000255341 0.00587022 -5.98945e-06 0.000913471 -0.0131134
0.145519 0.000186656 0.00626857 -0.000351627 0.000943206 -0.0134701
0.151108 0.000229247 0.00672153 -0.00134141 0.000588551 -0.0141396
0.156094 0.000347368 0.00712913 -0.00182871 0.000230801 -0.0145958
0.161235 0.000534332 0.00731342 -0.00191086 0.000531524 -0.0150782
0.174467 0.00119137 0.00872932 -0.0013776 -0.000434015 -0.0161686
0.180997 0.00130158 0.00906627 -0.00130903 -0.000701298 -0.0164099
0.186113 0.00159805 0.00950215 -0.00124186 -0.000355967 -0.0172115
0.192248 0.00163058 0.0100288 -0.00131096 -0.000434446 -0.0176441
0.199745 0.00169957 0.0101859 -0.00113602 -0.000987136 -0.0185399
0.206159 0.00163594 0.0108979 -0.00119134 -0.000499651 -0.0190492
0.218655 0.00163683 0.0117886 -0.00102903 -0.000656664 -0.0207836
0.226448 0.00126557 0.0121104 -0.000800991 -0.000818362 -0.0214539
0.232738 0.00105481 0.0124367 -0.000635742 -0.000920614 -0.0222317
0.240255 0.000782577 0.0127794 -0.000678593 -0.00104366 -0.0229688
0.248107 0.000650617 0.0134254 -0.000478311 -0.000851406 -0.0234988
0.255027 0.00057433 0.0137367 -0.00047293 -0.00127439 -0.0241468
0.262515 0.000574198 0.0140782 -0.000757248 -0.00120546 -0.024639
0.271138 0.000691297 0.0147192 -0.000580464 -0.00138854 -0.0253545
0.277568 0.00082267 0.0152227 -0.000793154 -0.00127902 -0.0260147
0.286082 0.000845829 0.0157663 -0.000752694 -0.00145453 -0.0266954
0.291919 0.000816529 0.0162196 -0.000788206 -0.00157422 -0.0274321
0.301048 0.000571704 0.0165855 -0.00062233 -0.00166486 -0.0284342
0.30855 0.000252883 0.0169406 -0.000319505 -0.00174842 -0.0295095
0.315851 -1.53125e-05 0.0175227 -0.000664252 -0.00171937 -0.0306634
0.323862 3.0462e-05 0.0183467 -0.000569692 -0.00175297 -0.0324073
0.331407 -0.000793905 0.0187045 -0.000397143 -0.0015509 -0.033242
0.34014 -0.00122497 0.0190896 -0.0003898 -0.00191383 -0.0346151
0.346516 -0.00137841 0.01957 -0.000515031 -0.00171854 -0.0360418
0.355998 -0.00191993 0.020228 -0.000566128 -0.00171981 -0.0372041
0.365965 -0.00247667 0.0207264 -0.000389943 -0.0017168 -0.0384377
0.375686 -0.00276694 0.021785 -0.000209253 -0.00174804 -0.0399663
0.382786 -0.002951 0.0220517 -0.000307941 -0.00180084 -0.041531
0.391903 -0.00434454 0.0224801 -0.000309218 -0.00169842 -0.042536
0.399892 -0.0045129 0.0227709 -0.000385099 -0.00171789 -0.0440793
0.408238 -0.00514597 0.0236045 -0.000212759 -0.00138625 -0.0453587
0.416971 -0.00538555 0.0238016 3.65838e-05 -0.00156283 -0.0468087
0.426424 -0.00566976 0.0246313 3.05584e-05 -0.00126822 -0.0481815
0.434582 -0.00598764 0.0249484 3.89442e-05 -0.00158173 -0.0492325
0.442163 -0.00620407 0.0254748 3.5848e-05 -0.00142312 -0.0503688
0.450363 -0.00650785 0.0258673 3.92064e-05 -0.00152415 -0.0514354
0.459722 -0.00842214 0.0260608 0.000462269 -0.00151318 -0.0518825
0.467154 -0.00865458 0.0267683 0.000530012 -0.00156873 -0.0529728
0.475511 -0.00874319 0.0270959 0.000693171 -0.00174247 -0.0539341
0.484786 -0.00911034 0.0276036 0.000696664 -0.00185703 -0.0543636
0.491743 -0.00922918 0.0278579 0.000774396 -0.00152346 -0.0547298
0.499836 -0.00932455 0.0283948 0.000800207 -0.0010142 -0.0549547
0.509273 -0.00981303 0.0287653 0.000806299 -0.0012471 -0.0544681
0.526165 -0.00996505 0.0292542 0.000774476 -0.00156206 -0.0534961
0.536276 -0.0101461 0.0301553 0.000677856 -0.00120327 -0.0526713
0.545896 -0.0112238 0.030436 0.000687427 -0.00160227 -0.0515118
0.553153 -0.0113371 0.0307493 0.000584123 -0.00149057 -0.0510168
0.560088 -0.0113477 0.0309529 0.000732121 -0.00165598 -0.0499551
0.570358 -0.0116699 0.0313841 0.000679816 -0.00138638 -0.0485917
0.579681 -0.0117247 0.0320201 0.000730852 -0.00169214 -0.0474149
0.597926 -0.0121942 0.033055 0.000912866 -0.00146523 -0.0442025
0.605196 -0.0123409 0.033257 0.000730221 -0.00184409 -0.0428637
0.615965 -0.0124048 0.033694 0.000684918 -0.00187734 -0.0413766
0.622498 -0.0122285 0.0345124 0.000572998 -0.00134812 -0.0400116
0.631482 -0.0125605 0.0348249 0.000675837 -0.00156967 -0.0379461
0.639857 -0.012817 0.0351727 0.000804352 -0.00179647 -0.0358298
0.647028 -0.0127857 0.0354858 0.00103792 -0.00182578 -0.0341265
0.656183 -0.012854 0.0359579 0.000576736 -0.00191335 -0.0321396
0.665026 -0.0126535 0.0363435 0.000455483 -0.00214954 -0.0303017
0.681598 -0.0121109 0.0372209 -0.000393147 -0.00225625 -0.0263732
0.697458 -0.0110294 0.0383539 -0.000521544 -0.00210636 -0.0231741
0.706794 -0.0108541 0.0389724 -0.00062298 -0.00216294 -0.0212596
0.715055 -0.010315 0.0395813 -0.00066836 -0.00223099 -0.0199087
0.724427 -0.0101776 0.0398478 -0.000749248 -0.00249671 -0.0182838
0.739565 -0.00932635 0.0405471 -0.00104599 -0.0023499 -0.0155091
0.757261 -0.00917971 0.0414109 -0.0013191 -0.00299814 -0.0121022
0.767391 -0.00903633 0.0423959 -0.00130141 -0.00256737 -0.0103937
0.773877 -0.00845862 0.0427686 -0.00132577 -0.00250778 -0.00913655
0.782854 -0.00802676 0.0432778 -0.00164602 -0.0025669 -0.00766409
0.799473 -0.00689225 0.0436522 -0.00214854 -0.00297564 -0.00514697
0.809057 -0.00613543 0.0445396 -0.00232321 -0.00291387 -0.00394839
0.817995 -0.00590039 0.0447381 -0.00241332 -0.00294276 -0.00241332
0.82703 -0.00555719 0.0457937 -0.00252326 -0.00276411 -0.00155978
0.844578 -0.00483337 0.0465152 -0.00292011 -0.00285697 0.000427036
0.85432 -0.00435542 0.0471743 -0.0029717 -0.00307696 0.00104038
0.86222 -0.00403012 0.0473923 -0.00313834 -0.0034764 0.0013202
0.872486 -0.00379785 0.0479468 -0.00279622 -0.00269466 0.00140625
0.882667 -0.00365754 0.0489484 -0.00258597 -0.0019654 0.00226661
0.892231 -0.00335393 0.0491747 -0.00300505 -0.00260095 0.00384089
0.900862 -0.00186784 0.0495363 -0.00372334 -0.00213416 0.00439173
0.910429 -0.00127766 0.050062 -0.00371544 -0.00209165 0.00459738
0.920463 -0.00107566 0.0506615 -0.00376255 -0.00162842 0.00495859
0.930809 -0.00086686 0.0514443 -0.00382607 -0.00180072 0.00516517
0.940643 -0.000518319 0.0516767 -0.00387233 -0.00188205 0.00468072
0.949663 -0.000237915 0.0526039 -0.0038005 -0.00121272 0.00420267
0.959353 -9.30334e-05 0.0528056 -0.00418213 -0.00161139 0.00385586
0.969657 8.2262e-05 0.0541068 -0.0036972 -0.00145807 0.00366481
0.978573 0.000219937 0.0543093 -0.00385632 -0.00236077 0.00325264
0.988859 0.000543636 0.05473 -0.00372857 -0.0012391 0.00310011
1.00135 0.000654838 0.0555444 -0.00359947 -0.00191665 0.00317729
1.00921 0.00107858 0.05572 -0.00368162 -0.00199235 0.00327917
1.02093 0.0014099 0.0562365 -0.00383204 -0.00164926 0.00343853
1.03078 0.00152621 0.0568133 -0.00370519 -0.00139558 0.00372924
1.04197 0.00179894 0.0573192 -0.00381677 -0.00164852 0.00384013
1.05208 0.00208195 0.0577016 -0.00355781 -0.00159413 0.00383204
1.0729 0.0024401 0.0587522 -0.00336777 -0.00135306 0.00372093
1.08411 0.00255874 0.0595618 -0.00332278 -0.00119019 0.00352303
1.09499 0.0026759 0.059748 -0.00317675 -0.00168597 0.00345536
1.1058 0.00316283 0.0604854 -0.00304125 -0.00103072 0.00334015
1.11728 0.00341888 0.0611828 -0.00297217 -0.00121565 0.0034023
1.12786 0.00364262 0.0614919 -0.00294173 -0.00108673 0.00347149
1.14946 0.00415693 0.0625584 -0.003061 -0.00103009 0.00373622
1.16037 0.00463578 0.0631421 -0.00304107 -0.000803925 0.00381483
1.17207 0.00480417 0.0637009 -0.00306059 -0.000766005 0.00394539
1.18292 0.00525302 0.0641024 -0.00309916 -0.00072666 0.00371977
1.19341 0.0058551 0.065214 -0.00314553 5.66934e-06 0.00360469
1.20683 0.00599696 0.0658551 -0.00279603 -0.000908226 0.00376769
1.21795 0.00659473 0.0661391 -0.00292085 -0.000766911 0.0035137
1.22896 0.00709927 0.0673361 -0.0026291 0.000248123 0.00302938
1.24044 0.00739592 0.0676784 -0.00254963 -0.000542534 0.00265274
1.26296 0.00816732 0.0692761 -0.00232842 0.000548207 0.00196769
1.27625 0.00833464 0.0699713 -0.0026069 -0.000242128 0.0015444
1.28856 0.00908177 0.0706965 -0.00245358 9.93361e-07 0.000809722
1.30051 0.00924117 0.071347 -0.00252541 -5.33952e-07 -0.000422864
1.31221 0.00931862 0.0720333 -0.00226417 0.00034459 -0.00059841
1.33706 0.00938308 0.0729533 -0.00215619 -1.64373e-06 -0.00152466
1.3495 0.00997263 0.074213 -0.00259552 0.000241307 -0.00218398
1.36164 0.0102571 0.0752896 -0.00174497 0.00108951 -0.00266421
1.3741 0.0108697 0.0763128 -0.00161944 -2.59263e-06 -0.00320187
1.39993 0.0115335 0.0780578 -0.00153005 0.00203859 -0.00528314
1.41369 0.0116496 0.0782512 -0.00138287 0.000593843 -0.00604506
1.439 0.0122591 0.0795717 -0.00127649 0.00193261 -0.00816447
1.46572 0.0128959 0.0807311 -0.000989833 0.00268069 -0.00989133
1.4913 0.0132364 0.0809683 -0.00099025 0.00248434 -0.0110066
1.50541 0.0136858 0.0813537 -0.0010502 0.00248372 -0.0115794
1.51798 0.014086 0.0819232 -0.000825808 0.00270279 -0.0118916
1.53167 0.0144079 0.0823274 -0.00144171 0.00301124 -0.0120297
1.54321 0.0152882 0.0828995 -0.00136003 0.00363735 -0.0125277
1.5572 0.0160804 0.083189 -0.00138024 0.00317419 -0.0131633
1.58321 0.016677 0.0844309 -0.00153419 0.00401544 -0.0145229
1.5968 0.0168469 0.0849303 -0.00145739 0.0044375 -0.0152207
1.62338 0.017399 0.0856323 -0.00172984 0.00450701 -0.0170013
1.63656 0.0177632 0.0865898 -0.00169727 0.00468133 -0.0176669
1.66289 0.0179248 0.0870146 -0.00194192 0.00537517 -0.0188725
1.6904 0.0183698 0.0876486 -0.00195714 0.00505517 -0.019877
1.70521 0.0184273 0.0884457 -0.00187021 0.00587117 -0.020274
1.71882 0.0186844 0.0893916 -0.00201626 0.00610741 -0.0206376
1.73295 0.0187429 0.090366 -0.0019347 0.00705143 -0.0213456
1.74671 0.0188088 0.0909345 -0.00210462 0.00695561 -0.0219968
1.76024 0.018925 0.0912539 -0.00297192 0.00645393 -0.0225308
1.78666 0.0185705 0.0924295 -0.00184049 0.00690609 -0.0231193
1.80056 0.0190202 0.0926107 -0.00143809 0.00659318 -0.0238626
1.81604 0.0188733 0.0949662 -0.00178463 0.00768393 -0.0242158
1.8271 0.0192224 0.095109 -0.00122194 0.00832572 -0.0247534
1.84252 0.0191771 0.0953009 -0.00110426 0.00780696 -0.0249899
1.87013 0.019149 0.0967177 -0.00060158 0.00855167 -0.0264847
1.91088 0.0184227 0.0984902 -0.000136698 0.00956738 -0.0285737
1.92727 0.0182261 0.0989883 -0.000129578 0.00879492 -0.0294641
1.94003 0.0179848 0.0994439 -0.000139586 0.00933078 -0.029917
1.95454 0.0179431 0.100965 -0.000157904 0.010354 -0.0304985
1.98163 0.0176475 0.101354 -0.00015837 0.0101973 -0.0310583
1.99937 0.0175779 0.101511 0.000392752 0.00971491 -0.031544
2.01241 0.0176501 0.102047 8.86766e-05 0.00970403 -0.0320452
2.02654 0.0175755 0.103064 0.000376929 0.0104201 -0.0324467
2.04133 0.0173993 0.103303 0.0006403 0.0102572 -0.0330552
2.05811 0.0173031 0.104006 0.00104009 0.0106247 -0.0340321
2.08813 0.0172333 0.105849 0.000925584 0.0109989 -0.0351628
2.10311 0.0158021 0.106089 0.00147315 0.0113456 -0.0354079
2.12002 0.0159366 0.107307 0.00149915 0.0125283 -0.0363145
2.13606 0.0161844 0.107457 0.00183666 0.0111276 -0.0370834
2.15098 0.0161728 0.107569 0.00168985 0.011568 -0.0375669
2.16502 0.0162807 0.108079 -0.000196651 0.0103533 -0.0379832
2.1819 0.0166036 0.109347 0.00131648 0.0119428 -0.0381616
2.22593 0.0170833 0.110264 -0.000218501 0.011119 -0.0392966
2.25632 0.0173623 0.111269 -0.000203762 0.0101878 -0.0399956
2.27088 0.0175507 0.111301 0.000498265 0.00949279 -0.0405341
2.2861 0.018206 0.112168 0.000347443 0.00963347 -0.0412239
2.30119 0.0182745 0.112565 0.000561095 0.0101391 -0.0416387
2.31619 0.0185666 0.112758 0.000579738 0.00911979 -0.0422055
2.33116 0.0186543 0.113807 0.000388402 0.00980972 -0.0427592
2.34963 0.0185788 0.113949 0.000952601 0.00893296 -0.0431586
2.36756 0.0185851 0.114868 0.000805032 0.00917767 -0.0439775
2.38164 0.0186187 0.114986 0.00116701 0.00865292 -0.0445231
2.41118 0.01824 0.116685 0.00121362 0.00921708 -0.0456323
2.4294 0.0181144 0.116961 0.00133604 0.00819258 -0.046139
2.44351 0.0178108 0.117305 0.000865006 0.00855696 -0.0466146
2.45996 0.0177607 0.11858 0.00103765 0.00878888 -0.0472294
2.47296 0.0170802 0.119357 0.00157141 0.00876047 -0.0471291
2.4906 0.0169846 0.119682 0.000989518 0.00759422 -0.0478384
2.52005 0.0161053 0.121413 0.00105436 0.00885783 -0.0484488
2.53733 0.0159346 0.121886 0.00175536 0.00930402 -0.0491455
2.57321 0.0149159 0.123649 0.00329318 0.00802722 -0.0506999
2.58488 0.0143578 0.124979 0.00291513 0.00973643 -0.0514207
2.59939 0.0118053 0.124585 0.00330473 0.00902921 -0.0519149
2.61813 0.01161 0.126277 0.00328041 0.00783714 -0.0530336
2.63253 0.0105354 0.126395 0.00336234 0.00850417 -0.0533947
2.64982 0.0107811 0.126828 0.00319102 0.00838358 -0.0544384
2.66739 0.0107423 0.127689 0.00340973 0.00838991 -0.0546402
2.68515 0.0106953 0.127871 0.00278854 0.00809558 -0.0549777
2.71447 0.00962404 0.129406 0.00273142 0.00830021 -0.0553543
2.73267 0.00951551 0.130634 0.00282175 0.00821933 -0.0556521
2.74957 0.00911137 0.130957 0.00247715 0.00787731 -0.0559813
2.76383 0.00900832 0.131663 0.00275586 0.00831008 -0.0566547
2.77997 0.00807119 0.132798 0.00247607 0.00779015 -0.0568932
2.7973 0.00791275 0.134549 0.00252915 0.00856824 -0.0571515
2.81263 0.00750139 0.134761 0.002208 0.0081017 -0.0578594
2.84454 0.00697826 0.135488 0.00197223 0.00763793 -0.0591637
2.86208 0.00699416 0.135813 0.00249837 0.00805401 -0.0604179
2.89125 0.00529774 0.136026 0.002394 0.00798177 -0.0621419
2.91051 0.00406472 0.137751 0.00188145 0.00825982 -0.0634119
2.94261 0.00376265 0.140187 0.00190913 0.00938867 -0.0644866
2.9622 0.00392959 0.14031 0.00294834 0.00490208 -0.0655601
2.9948 0.00325934 0.14076 0.00288274 0.00708254 -0.0666145
3.01363 0.00336784 0.143052 0.00254357 0.00554827 -0.0675908
3.02948 0.00283295 0.143772 0.002705 0.00779818 -0.0684142
3.06201 0.000722907 0.145118 0.00251238 0.00655146 -0.0701208
3.07802 -0.000775986 0.146606 0.00265918 0.00851129 -0.0711135
3.09538 -0.00136254 0.146854 0.00315539 0.00638494 -0.0719284
3.11252 -0.00229315 0.147362 0.00299895 0.0068669 -0.0731657
3.12833 -0.0036927 0.148848 0.00311804 0.00815189 -0.0741349
3.1456 -0.00492606 0.149059 0.00290354 0.00573374 -0.0751892
3.16223 -0.00679971 0.149767 0.00366099 0.00689301 -0.0763796
3.19469 -0.011045 0.152553 0.0029844 0.00679912 -0.0782593
3.23081 -0.0131782 0.15558 0.00311519 0.00731687 -0.0811044
3.24472 -0.0147829 0.15572 0.00378727 0.00590681 -0.0820999
3.26116 -0.0158253 0.157519 0.00327716 0.00673414 -0.0833146
3.27787 -0.0171011 0.15807 0.00356277 0.00713898 -0.0842446
3.31086 -0.0192675 0.159317 0.00351453 0.00622331 -0.0871306
3.34423 -0.022321 0.161612 0.00452043 0.00519151 -0.0914199
3.36136 -0.0256547 0.165523 0.00416864 0.00780283 -0.0933509
3.39214 -0.0304683 0.165586 0.00482717 0.00551386 -0.0982026
3.4105 -0.0307072 0.168767 0.004844 0.00677175 -0.100811
3.44213 -0.0361192 0.169588 0.00512868 0.00594377 -0.106334
3.45841 -0.037809 0.170697 0.00495018 0.00621911 -0.108998
3.49132 -0.0420404 0.172324 0.00567699 0.00568544 -0.115306
3.50826 -0.0467102 0.173919 0.00513198 0.00659247 -0.118551
3.52533 -0.0476532 0.174141 0.00569609 0.00490513 -0.1223
3.54218 -0.0513432 0.176593 0.00537235 0.00618493 -0.126178
3.57472 -0.056118 0.177449 0.00583054 0.00525139 -0.135028
3.59298 -0.0587309 0.179036 0.00613947 0.00525116 -0.139952
3.60889 -0.0615689 0.180085 0.00661285 0.00569614 -0.145044
3.6438 -0.06995 0.180305 0.00722233 0.00537045 -0.15461
3.66008 -0.0728416 0.180823 0.00726787 0.00676944 -0.160067
3.6795 -0.0785001 0.184542 0.00786021 0.00648921 -0.165193
3.71315 -0.0840023 0.184918 0.00789349 0.00855089 -0.176895
3.73045 -0.0904452 0.186111 0.00852382 0.00710984 -0.182108
3.7471 -0.0925041 0.186697 0.00898079 0.00733597 -0.188248
3.76447 -0.100954 0.187974 0.00722677 0.00770813 -0.193468
3.81666 -0.112773 0.194294 0.00971834 0.0104997 -0.211024
3.83302 -0.117193 0.189151 0.00988179 0.00493588 -0.216952
3.87002 -0.1262 0.198008 0.0101764 0.00944814 -0.229368
3.90176 -0.137737 0.196855 0.0113776 0.00869126 -0.241922
3.91846 -0.143741 0.197281 0.0116141 0.00774763 -0.248524
3.93403 -0.149377 0.197745 0.0121566 0.0091406 -0.254924
3.95188 -0.153721 0.198529 0.0125192 0.00824183 -0.261764
3.96671 -0.15938 0.198603 0.0133898 0.009057 -0.268303
3.99987 -0.169842 0.199508 0.0142461 0.00947212 -0.281335
4.01729 -0.175879 0.200436 0.0143523 0.0090901 -0.288092
4.06511 -0.195888 0.203236 0.0156551 0.0106153 -0.309074
4.08456 -0.200391 0.205175 0.0159241 0.012151 -0.316761
4.09976 -0.209436 0.20973 0.0165084 0.0112706 -0.323518
4.11404 -0.217254 0.209007 0.0172982 0.012495 -0.330963
4.14857 -0.231805 0.209991 0.0186061 0.0127014 -0.347158
4.16447 -0.240091 0.212703 0.018953 0.0140549 -0.354757
4.19706 -0.254849 0.216352 0.0201169 0.0147406 -0.371111
4.21293 -0.263061 0.216724 0.021241 0.0149319 -0.379108
4.2279 -0.269022 0.216968 0.0205377 0.0157288 -0.387689
4.24493 -0.27766 0.21912 0.0217844 0.0141356 -0.395652
4.26107 -0.28495 0.221194 0.0216666 0.0162249 -0.404004
4.27653 -0.291926 0.22168 0.0223175 0.0163215 -0.412701
4.29384 -0.299465 0.222181 0.022841 0.0159023 -0.421613
4.30818 -0.312116 0.223532 0.0230043 0.0169433 -0.42996
4.33701 -0.328764 0.225188 0.0239933 0.0175931 -0.448384
4.35308 -0.338318 0.226223 0.0243928 0.0173349 -0.457238
4.38206 -0.356562 0.228612 0.0249625 0.0190372 -0.475596
4.3985 -0.365349 0.229494 0.0255402 0.0189817 -0.484987
4.41442 -0.375909 0.231655 0.0255628 0.0188124 -0.49433
4.42505 -0.383854 0.231023 0.0241745 0.0214681 -0.504071
4.44368 -0.393939 0.233772 0.0260743 0.0207879 -0.513538
4.45803 -0.404772 0.236307 0.0262598 0.0209766 -0.522915
4.48833 -0.425362 0.238578 0.0274452 0.0223786 -0.542418
4.49947 -0.433526 0.238576 0.0289555 0.0227256 -0.552701
4.53035 -0.45537 0.24217 0.029146 0.0231652 -0.572516
4.5416 -0.464797 0.240883 0.0284237 0.0221552 -0.582627
4.55468 -0.475855 0.242114 0.0296481 0.024317 -0.592997
4.56788 -0.48555 0.242282 0.0282393 0.0236702 -0.603251
4.59353 -0.509506 0.245897 0.0303353 0.0260031 -0.6235
4.61546 -0.529591 0.246045 0.0318036 0.0270609 -0.644326
4.63304 -0.545479 0.248214 0.0322727 0.025152 -0.654843
4.64096 -0.553862 0.250113 0.0334518 0.0284423 -0.665534
4.65241 -0.564503 0.24981 0.0342242 0.0281879 -0.676491
4.66639 -0.578339 0.252748 0.0354553 0.0264406 -0.687277
4.69284 -0.603441 0.252976 0.0371353 0.0315984 -0.709308
4.70393 -0.614406 0.251951 0.0383131 0.0272058 -0.720718
4.7191 -0.629754 0.256433 0.038357 0.0316198 -0.73145
4.73702 -0.653176 0.253388 0.039814 0.0295418 -0.752985
4.74994 -0.668148 0.255767 0.0411187 0.0325097 -0.763891
4.76091 -0.681175 0.267936 0.0436461 0.0331646 -0.774417
4.77115 -0.693538 0.251344 0.0430149 0.0158507 -0.786468
4.78288 -0.70865 0.257894 0.0451117 0.0369387 -0.797128
4.81346 -0.750343 0.253234 0.0468664 0.0333495 -0.829292
4.82894 -0.762492 0.250569 0.0455976 0.0258409 -0.842111
4.83954 -0.777753 0.254164 0.0472835 0.0332436 -0.852582
4.83891 -0.790813 0.251394 0.0476513 0.0319002 -0.862139
4.84508 -0.801962 0.253666 0.0471974 0.031422 -0.873263
4.86559 -0.818996 0.253795 0.047576 0.0334672 -0.885343
4.87305 -0.831481 0.253935 0.0479584 0.033812 -0.895503
4.87105 -0.841918 0.253997 0.0485449 0.0342934 -0.904161
4.89612 -0.8718 0.255448 0.0487923 0.0359274 -0.927175
4.90084 -0.885474 0.255941 0.0489543 0.0373541 -0.937376
4.91903 -0.914929 0.256958 0.0496573 0.0380164 -0.959284
4.92354 -0.927469 0.257043 0.0497495 0.0370554 -0.96976
4.9363 -0.943892 0.258203 0.0492026 0.0414474 -0.980858
4.94487 -0.959968 0.258248 0.0506344 0.0400317 -0.991205
4.94635 -0.973352 0.258195 0.0501043 0.0398275 -1.00089
4.94992 -0.986167 0.258422 0.0509351 0.0424795 -1.01088
4.97084 -1.00449 0.258418 0.0509858 0.0406705 -1.02313
4.97376 -1.01871 0.257724 0.0517346 0.0415953 -1.03285
4.98249 -1.03256 0.25844 0.0516325 0.0432529 -1.04376
4.98453 -1.04533 0.258379 0.0520303 0.0425656 -1.05338
4.98787 -1.05805 0.258716 0.0522895 0.0439716 -1.06357
5.00898 -1.10081 0.25902 0.0512089 0.0449909 -1.09514
5.01293 -1.11585 0.259097 0.0512495 0.0463281 -1.10465
5.02917 -1.12994 0.26192 0.0500449 0.0468707 -1.1167
5.03687 -1.1584 0.261 0.0505611 0.0467904 -1.13634
5.03237 -1.17071 0.258511 0.0512114 0.0467236 -1.14397
5.04269 -1.18645 0.258991 0.0500862 0.0475075 -1.15434
5.0489 -1.20077 0.259422 0.0503139 0.0495649 -1.165
5.04859 -1.21464 0.25898 0.0509975 0.0487511 -1.17468
5.0582 -1.24435 0.262185 0.0512145 0.0518501 -1.19531
5.06817 -1.26043 0.260858 0.0522945 0.0515972 -1.20655
5.07587 -1.28971 0.259004 0.0523937 0.0524632 -1.22599
5.08 -1.30466 0.258925 0.0524796 0.0520135 -1.23569
5.08196 -1.31903 0.258797 0.0528579 0.0532583 -1.24465
5.08727 -1.34884 0.263937 0.0568561 0.0487657 -1.26204
5.09369 -1.36097 0.257237 0.0557875 0.0536774 -1.27162
5.09934 -1.39089 0.262298 0.0564545 0.0567157 -1.28983
5.10222 -1.40479 0.26048 0.0570445 0.0529103 -1.29998
5.1052 -1.42051 0.263461 0.0568083 0.0554268 -1.30942
5.10735 -1.43362 0.263507 0.0577385 0.0591049 -1.31894
5.113 -1.4624 0.262569 0.0574212 0.0565765 -1.33737
5.11386 -1.47882 0.263516 0.0586344 0.0590214 -1.34514
5.11947 -1.49075 0.263475 0.0578553 0.0586779 -1.35439
5.12087 -1.50587 0.263102 0.0574658 0.0602054 -1.36191
5.12299 -1.52078 0.263108 0.058534 0.0595926 -1.36978
5.12473 -1.53547 0.263332 0.0582933 0.0609111 -1.37726
5.12879 -1.54966 0.263342 0.058533 0.0590735 -1.38521
5.1305 -1.58073 0.263498 0.0583959 0.0615384 -1.39885
5.13646 -1.59247 0.264053 0.0583848 0.0615047 -1.40787
5.13776 -1.62233 0.263978 0.0581604 0.0621866 -1.42145
5.13792 -1.63802 0.263829 0.0587138 0.0630541 -1.42813
5.14165 -1.6653 0.263997 0.0586077 0.063835 -1.44242
5.14193 -1.68075 0.263715 0.0577586 0.0630399 -1.4485
5.14461 -1.69463 0.263699 0.057302 0.0638212 -1.45544
5.14518 -1.70952 0.26364 0.0568288 0.064261 -1.46113
5.14537 -1.7254 0.263573 0.0577216 0.0650623 -1.46655
5.14635 -1.73877 0.263678 0.0585011 0.0622096 -1.47301
5.14652 -1.75526 0.263638 0.057717 0.064237 -1.47847
5.14984 -1.78128 0.264296 0.0576889 0.0620881 -1.49142
5.15003 -1.79568 0.264236 0.0580587 0.065205 -1.4971
5.14608 -1.82928 0.263963 0.0583686 0.0634312 -1.50615
5.15033 -1.83897 0.265157 0.0582766 0.0660828 -1.51328
5.15233 -1.85182 0.265208 0.0586225 0.0656825 -1.51858
5.15221 -1.86813 0.265635 0.058608 0.0641666 -1.52279
5.15282 -1.88168 0.265732 0.0584928 0.0651882 -1.52755
5.15184 -1.91231 0.266262 0.0571281 0.0638699 -1.53607
5.15086 -1.92924 0.266421 0.057823 0.0659571 -1.53972
5.15546 -1.95418 0.266632 0.0572598 0.0650506 -1.55063
5.15424 -1.97166 0.267333 0.0569997 0.067799 -1.55435
5.14999 -1.98928 0.267477 0.0567666 0.0672129 -1.55775
5.15056 -2.00134 0.268039 0.0570703 0.0680875 -1.56258
5.15192 -2.01503 0.268199 0.056508 0.0687979 -1.56805
5.15204 -2.03044 0.268191 0.0566544 0.0670763 -1.57244
5.15209 -2.06035 0.268246 0.0553873 0.0691464 -1.57771
5.15197 -2.07548 0.268263 0.0555561 0.0696898 -1.58197
5.15221 -2.10384 0.268381 0.0546629 0.0700403 -1.58921
5.15043 -2.1204 0.268389 0.0555646 0.068381 -1.59183
5.15061 -2.13357 0.268434 0.0550227 0.0694673 -1.59563
5.15116 -2.14698 0.268365 0.0557194 0.0695495 -1.59894
5.14661 -2.16587 0.269618 0.0557979 0.0682359 -1.60014
5.14656 -2.19272 0.269377 0.055432 0.0706398 -1.60617
5.14713 -2.20617 0.269383 0.0550659 0.0682629 -1.60921
5.14649 -2.22125 0.269348 0.0550821 0.0691586 -1.61147
5.14201 -2.23801 0.270292 0.0562501 0.0704788 -1.61282
5.14337 -2.24845 0.269687 0.0549537 0.0691003 -1.61696
5.14276 -2.26309 0.269677 0.0553158 0.069881 -1.61956
5.14275 -2.27581 0.269409 0.0548012 0.0689667 -1.62328
5.14224 -2.30262 0.269287 0.0544524 0.0676688 -1.62893
5.14182 -2.31682 0.269271 0.0540461 0.0695815 -1.63185
5.14126 -2.33081 0.269192 0.0546989 0.0679423 -1.63441
5.13972 -2.35961 0.269262 0.0542288 0.0695459 -1.63923
5.13956 -2.3732 0.269307 0.0541613 0.068425 -1.64222
5.13941 -2.38694 0.269346 0.053762 0.0696061 -1.6447
5.13691 -2.40244 0.26934 0.0539541 0.069311 -1.64682
5.13708 -2.41438 0.269347 0.0540051 0.0688015 -1.64999
5.13587 -2.42888 0.269391 0.0535237 0.0705505 -1.65172
5.13473 -2.4423 0.269258 0.0529721 0.0703889 -1.65461
5.13083 -2.48227 0.269305 0.0546112 0.0700068 -1.66351
5.12935 -2.4963 0.269349 0.0541497 0.0690058 -1.6654
5.12934 -2.50796 0.269529 0.0535821 0.0711699 -1.66785
5.12347 -2.52554 0.269537 0.054103 0.071738 -1.66786
5.12119 -2.56425 0.269491 0.053968 0.07109 -1.67212
5.12558 -2.57211 0.269446 0.0533114 0.070005 -1.6754
5.12281 -2.58704 0.269508 0.0537045 0.0716732 -1.67535
5.12249 -2.59929 0.269503 0.0535642 0.0702452 -1.67694
5.12204 -2.61134 0.269504 0.0536252 0.0713684 -1.67807
5.12042 -2.62469 0.269504 0.0536163 0.0716254 -1.6785
5.12025 -2.63508 0.269512 0.0535807 0.0712842 -1.67973
5.11906 -2.64785 0.269514 0.0536801 0.0718533 -1.68011
5.11748 -2.6718 0.269402 0.0536847 0.0711241 -1.6807
5.11714 -2.68252 0.269362 0.0537593 0.0710791 -1.68094
5.11647 -2.70525 0.269465 0.053666 0.0720158 -1.68124
5.11512 -2.71815 0.269472 0.0538104 0.0712902 -1.68095
5.11498 -2.72752 0.269493 0.0535389 0.0715898 -1.68128
5.11434 -2.73897 0.269955 0.0537822 0.0721167 -1.68079
5.11424 -2.74926 0.26994 0.0536344 0.0708933 -1.68091
5.11302 -2.77094 0.270289 0.053798 0.0717385 -1.67992
5.11254 -2.79275 0.270416 0.0537156 0.0718144 -1.67887
5.11273 -2.80206 0.270757 0.0534086 0.0726592 -1.67837
5.11128 -2.81386 0.270839 0.0533211 0.0732578 -1.67736
5.11118 -2.82336 0.270873 0.0534416 0.0728415 -1.67751
5.11037 -2.84407 0.270894 0.0534333 0.0733644 -1.67709
5.11026 -2.85389 0.271013 0.053653 0.0745221 -1.67704
5.10686 -2.86616 0.271093 0.0558671 0.0728116 -1.67574
5.10844 -2.87229 0.271099 0.0555639 0.0706069 -1.67693
5.10718 -2.88331 0.271163 0.0553163 0.0726436 -1.67657
5.10256 -2.89615 0.271661 0.0551262 0.0728248 -1.67578
5.1057 -2.90153 0.271603 0.0549777 0.0717234 -1.67732
5.10432 -2.92257 0.272116 0.0545147 0.0725993 -1.67641
5.1042 -2.93153 0.27201 0.0541074 0.0734103 -1.67641
5.1035 -2.94148 0.272303 0.054075 0.0740979 -1.67582
5.10438 -2.94888 0.272345 0.0540099 0.0732919 -1.67663
5.10384 -2.95859 0.27238 0.0540935 0.0739237 -1.67636
5.10271 -2.96794 0.272386 0.0543658 0.0731752 -1.67624
5.1029 -2.97552 0.272992 0.0542659 0.0742804 -1.67689
5.10182 -2.98512 0.272906 0.0544177 0.0737857 -1.67666
5.10074 -3.00273 0.272854 0.0544182 0.0741718 -1.67659
5.10058 -3.01049 0.272867 0.0543792 0.0743696 -1.67668
5.09972 -3.01928 0.272923 0.0544809 0.0743764 -1.67615
5.0996 -3.02691 0.272944 0.0544265 0.0745666 -1.67619
5.09905 -3.03503 0.273077 0.054515 0.0747742 -1.67577
5.09897 -3.04219 0.273061 0.0544867 0.0741848 -1.67593
5.09852 -3.05031 0.273074 0.0544916 0.0748631 -1.67557
5.09816 -3.06511 0.27322 0.0546149 0.0752258 -1.67518
5.09678 -3.07323 0.273125 0.0546813 0.0747967 -1.67436
5.09672 -3.07943 0.273136 0.0546102 0.0748234 -1.67435
5.09574 -3.08719 0.273069 0.0547148 0.0746254 -1.67367
5.09561 -3.0934 0.273055 0.0545649 0.074781 -1.67342
5.09583 -3.09969 0.273237 0.054416 0.0754096 -1.6733
5.0958 -3.11197 0.273266 0.0544015 0.075455 -1.67286
5.09493 -3.11986 0.273287 0.0543954 0.0754372 -1.67269
5.09492 -3.12473 0.273339 0.05443 0.0756579 -1.67277
5.09492 -3.13047 0.273449 0.0544275 0.0756438 -1.67267
5.09481 -3.13681 0.273493 0.0543911 0.0757276 -1.67249
5.09469 -3.14714 0.273429 0.0542644 0.0757376 -1.67214
5.09395 -3.15424 0.273265 0.0543928 0.0758966 -1.67179
5.09378 -3.15954 0.273186 0.054509 0.0758527 -1.67169
5.09242 -3.17578 0.272984 0.0546559 0.0758554 -1.6711
5.09223 -3.17973 0.272865 0.0545322 0.0759746 -1.6709
5.09122 -3.1858 0.272897 0.0544979 0.0763251 -1.67013
5.0909 -3.19003 0.272762 0.0544349 0.0761417 -1.66971
5.09077 -3.1936 0.272721 0.0543485 0.0762754 -1.66961
5.09056 -3.19803 0.27269 0.0542808 0.0763634 -1.66926
5.09009 -3.20622 0.27262 0.0544335 0.0763111 -1.66896
5.0899 -3.21334 0.272486 0.0543619 0.0765583 -1.66889
5.08946 -3.21704 0.272394 0.054338 0.0766536 -1.66852
5.08935 -3.22072 0.272383 0.0541935 0.0766284 -1.66837
5.08916 -3.2301 0.272761 0.0540332 0.0770363 -1.66762
5.08855 -3.23399 0.272379 0.0541366 0.0766498 -1.66735
5.08843 -3.23683 0.272463 0.0541545 0.0767949 -1.66737
5.08809 -3.23999 0.272392 0.0541904 0.0768171 -1.66728
5.08697 -3.24312 0.272108 0.0543605 0.0766244 -1.66695
5.08667 -3.24763 0.271978 0.05452 0.0766036 -1.66707
5.08656 -3.24973 0.271924 0.054548 0.0766429 -1.66692
5.08636 -3.254 0.271865 0.0548182 0.0765286 -1.66663
5.08607 -3.25662 0.271833 0.0548374 0.0764981 -1.66648
5.08596 -3.25864 0.271766 0.0550264 0.0763562 -1.66654
5.08547 -3.26089 0.271728 0.0551513 0.0764511 -1.66646
5.08503 -3.266 0.27171 0.0553037 0.0764951 -1.66679
5.08486 -3.26724 0.271577 0.055225 0.0763835 -1.6669
5.0847 -3.26915 0.271584 0.0553906 0.0764311 -1.66682
5.08453 -3.27078 0.271778 0.055375 0.0767956 -1.66663
5.08413 -3.27398 0.271728 0.0552768 0.0763668 -1.66637
5.08311 -3.27622 0.271958 0.0552982 0.0766719 -1.66601
5.08292 -3.27669 0.271937 0.0550835 0.0765203 -1.66624
5.08286 -3.27765 0.271989 0.0550779 0.0765969 -1.66637
5.08272 -3.27876 0.27207 0.0550778 0.0765867 -1.66632
5.08281 -3.27964 0.272049 0.0551302 0.0764018 -1.66659
5.0826 -3.28082 0.271976 0.0550758 0.0764586 -1.66635
5.05476 -3.23228 0.280155 0.0536561 0.0765273 -1.67144
5.05403 -3.23356 0.280001 0.0535224 0.0764905 -1.67119
5.05376 -3.23388 0.280005 0.0536893 0.0765283 -1.67112
5.05397 -3.2339 0.280007 0.0536073 0.0764565 -1.67147
5.05371 -3.23432 0.280012 0.0536142 0.0765575 -1.67146
5.0538 -3.23439 0.280022 0.053733 0.0764996 -1.67173
5.05373 -3.23481 0.280008 0.0536727 0.0764817 -1.67184
5.05363 -3.23502 0.280018 0.0537581 0.0765519 -1.67183
5.05395 -3.23523 0.280161 0.0536638 0.0765758 -1.67216
5.05402 -3.23532 0.280246 0.0536899 0.0766051 -1.67214
5.05404 -3.23529 0.280232 0.0536239 0.0765487 -1.67206
5.05429 -3.23525 0.280287 0.0536434 0.0765935 -1.67235
5.05422 -3.23543 0.280333 0.0535385 0.0765507 -1.67227
5.05462 -3.23517 0.280487 0.0536395 0.076732 -1.67264
5.05468 -3.23485 0.28046 0.0537011 0.0766453 -1.67282
5.05476 -3.23455 0.280502 0.0536898 0.0767641 -1.67284
5.05481 -3.23445 0.280453 0.0537202 0.0765601 -1.67284
5.05462 -3.2344 0.280344 0.0537602 0.0765109 -1.67245
5.05524 -3.23381 0.280421 0.0536237 0.0765894 -1.67257
5.05518 -3.23375 0.280343 0.053683 0.076512 -1.67257
5.05511 -3.23371 0.280444 0.0536796 0.0766607 -1.67257
5.0551 -3.23358 0.280455 0.0537329 0.0766608 -1.6728
5.05581 -3.23291 0.280694 0.0536444 0.0768534 -1.67328
5.0555 -3.23287 0.280488 0.0537998 0.0765811 -1.673
5.0555 -3.23265 0.280495 0.0537592 0.0767102 -1.6731
5.05547 -3.23251 0.280375 0.0536681 0.0765474 -1.67306
5.05545 -3.2324 0.280341 0.0537752 0.0765929 -1.67286
5.05543 -3.23229 0.280291 0.0537397 0.0765238 -1.67281
5.05554 -3.23221 0.280474 0.0536782 0.0767189 -1.67299
5.05555 -3.23207 0.280404 0.0537215 0.0765896 -1.67294
5.05563 -3.23193 0.280421 0.0537313 0.0766428 -1.67307
5.05569 -3.2317 0.28049 0.0537456 0.0767422 -1.67316
5.0557 -3.23164 0.28055 0.0538372 0.0768139 -1.67323
5.05572 -3.23154 0.280561 0.0538069 0.0767546 -1.67326
5.05666 -3.23112 0.280877 0.0536982 0.0769367 -1.67365
5.05616 -3.23142 0.280778 0.0538145 0.0767232 -1.67331
5.05615 -3.23137 0.280787 0.0537822 0.0767482 -1.67327
5.05632 -3.23114 0.280961 0.0536408 0.0768648 -1.67332
5.05589 -3.2313 0.280762 0.0537467 0.0766531 -1.67299
5.05585 -3.23136 0.280769 0.0538025 0.0767985 -1.67303
5.05585 -3.23129 0.280733 0.0537212 0.0766818 -1.67307
5.05579 -3.2313 0.280667 0.0537674 0.0766538 -1.67311
5.05577 -3.23126 0.28066 0.0537755 0.0767306 -1.67315
5.05573 -3.23134 0.280512 0.0537979 0.0766043 -1.67323
5.05571 -3.23132 0.280578 0.0537985 0.0767815 -1.6732
5.05621 -3.2312 0.280864 0.0536585 0.0768506 -1.67338
